13.9896 14.2433 4.52545 -4.26271 4.8143
2.26482 13.5342 7.9325 -4.28477 12.8055
13.1265 -5.4068 8.63054 7.15426 4.465
16.4751 -2.77055 17.0847 3.99557 13.2959
10.4258 11.7963 9.53405 2.18757 -3.05651
17.155 2.83919 15.9814 10.601 -5.26319
13.6028 -7.28299 1.98287 9.15344 8.87491
9.35584 11.8367 10.6741 -1.45235 10.2847
9.12963 9.55177 9.41718 2.79035 -4.53153
9.49413 8.8678 1.83585 4.73057 9.27231
9.33971 8.7509 -1.88155 12.8352 -1.47038
-8.14753 -3.55808 19.3794 2.66035 13.854
-2.61341 -45.2644 -1.78275 9.28142 9.44774
8.99026 11.5675 2.49111 9.3676 9.43002
-11.3472 -2.03213 6.78671 -2.13391 -1.27665
-2.69256 -7.0147 2.39654 9.15974 7.36167
8.90497 9.0452 14.824 2.45831 3.42508
9.20941 10.8802 13.4452 9.118 14.5524
6.83984 -3.26931 10.3422 -7.18758 9.75203
9.16934 9.37729 9.52891 5.71082 15.8957
1.95106 -3.84695 9.18095 1.33108 9.11702
9.07947 2.02889 1.02542 9.75154 10.6899
9.0903 10.5494 8.64139 3.00296 12.9568
-1.91073 4.45844 9.36965 13.7 13.8861
-2.73882 7.1841 -1.74524 1.30413 11.0872
69.5852 9.42024 -2.15807 4.04582 -3.69062
9.40259 -9.2491 10.9209 -2.25418 9.28557
-8.10279 2.6674 10.4802 10.3703 9.30005
13.1035 8.72614 2.36554 8.12441 -6.61083
8.89701 17.4466 9.11932 18.3063 9.22214
9.18209 -5.41584 324.499 14.996 10.5634
0.836282 17.1613 8.91905 17.0975 14.2318
2.91614 14.0903 -1.79966 -4.53985 9.26446
9.51126 11.9276 10.0036 1.90524 -11.6251
5.53307 -7.60294 12.0577 13.108 13.8843
3.98938 -18.1499 3.12662 3.43012 9.86753
9.95008 9.46014 55.1098 -7.34757 13.3499
9.26262 9.60732 2.63725 2.92839 9.61415
-5.69573 9.27474 1.83414 18.0612 1.7997
11.7804 4.20353 2.55113 9.23778 2.39294
10.9345 -4.74452 9.15925 10.5433 4.03143
-18.2057 -7.17488 10.2907 -2.58909 2.36179
9.99025 -2.13023 11.2651 10.7807 7.23478
13.5529 9.43075 13.6053 -3.21468 9.72457
9.15669 3.79968 13.366 -1.79312 -5.1704
-1.80202 2.71423 -7.48586 8.59738 13.3013
9.73819 -13.0364 10.434 -1.8126 10.4778
9.29566 12.4146 9.80825 13.4266 13.4051
13.4055 2.3261 -2.05811 6.42461 17.4485
16.4602 1376.21 10.4164 16.5744 -16.2858
-120.635 9.08665 9.08562 3.68452 9.29114
13.5334 -2.32173 1.88853 9.38221 10.7226
10.5934 9.51477 4.37177 9.09613 13.5881
8.65801 10.2209 16.4068 9.17602 9.40613
9.37698 9.51928 4.38499 9.32014 9.01937
13.2269 -7.48586 10.3643 -3.07162 -11.383
-2.08545 -11.3815 5.36577 -1.79095 -2.14036
-6.69169 12.4999 9.80499 9.52854 10.7433
9.01982 16.4584 2.72284 13.5317 10.3696
13.6334 14.6839 18.6512 -1.32781 -7.11539
10.3866 16.6547 16.7945 2.4058 10.3805
9.67975 9.57966 -22.7753 -3.18612 -144.862
10.158 2.5047 8.97617 -10.9552 9.26435
8.60963 12.6146 4.73999 9.22134 10.8151
8.9813 -10.2137 9.60551 9.44771 10.9763
11.1538 9.1678 -3.90429 9.80466 9.71978
14.5073 11.1905 9.84219 -7.30512 -4.51983
13.0389 -4.39294 -42.5895 10.2708 10.5983
14.2686 13.7401 13.7395 17.2143 13.5298
16.0894 9.9988 1176.77 12.8878 -11.4781
9.79194 -27.3581 42.9903 8.75521 9.23435
10.6666 10.1631 17.1373 9.76645 17.5079
8.76738 10.0936 10.5552 10.5102 -1.7799
-4.26226 14.7885 11.7645 8.77807 -11.4731
9.90159 -4.03087 -1.919 -4.52884 2.70352
9.52541 -1.66467 9.39092 8.80402 10.1458
10.7613 12.2075 10.1773 9.82541 10.5346
7.11697 10.9236 10.6023 14.2475 12.4801
14.2458 5.67834 10.7107 10.4994 10.6612
11.8337 9.9233 10.2842 4.82098 12.5254
9.74858 13.9506 16.495 16.7368 16.5169
8.96784 12.3275 10.2969 -5.23043 10.8425
16.8031 -10.5372 10.4362 13.9093 10.615
-10.8629 -4.5515 2.84422 12.5461 11.1489
-1.76447 9.99456 9.30089 10.9763 10.1329
8.89703 10.7527 11.2008 15.0636 10.6696
9.89601 13.7811 9.07524 10.1718 13.0873
7.85223 21.3094 9.84665 10.1845 2.77532
12.5574 9.91179 -7.44098 2.66584 13.5379
8.26658 8.94473 10.4269 11.5006 10.5027
11.0149 9.72122 -6.74069 11.059 9.47526
10.4866 10.4717 9.59465 11.3516 4.97172
12.3144 14.1454 6.31106 13.7825 13.5932
-6.76492 10.401 9.14425 -11.3596 7.73987
10.0929 7.63731 10.5368 13.0463 9.95528
11.0441 11.3169 11.6609 -4.24151 11.0421
10.9657 8.81168 8.45939 2.10837 10.6032
9.82325 18.4898 6.62058 10.1459 10.5888
10.2422 -8.12584 9.07846 9.5651 10.8364
10.3678 10.734 2.04237 12.9947 -6.75937
